---
AR: 39.948
C: 12.011200000000001
C2H: 25.0303
C2H2: 26.0382
C2H3: 27.046199999999999
C2H4: 28.054200000000002
C2H5: 29.062200000000001
C2H6: 30.0701
C3H7: 43.089199999999998
C3H8: 44.097200000000001
CH: 13.0191
CH2: 14.027100000000001
CH2(S): 14.027100000000001
CH2CHO: 43.0456
CH2CO: 42.037599999999998
CH2O: 30.026499999999999
CH2OH: 31.034500000000001
CH3: 15.0351
CH3CHO: 44.053600000000003
CH3O: 31.034500000000001
CH3OH: 32.042400000000001
CH4: 16.042999999999999
CN: 26.017900000000001
CO: 28.0106
CO2: 44.009999999999998
H: 1.00797
H2: 2.0159400000000001
H2CN: 28.033799999999999
H2O: 18.0153
H2O2: 34.014699999999998
HCCO: 41.029699999999998
HCCOH: 42.037599999999998
HCN: 27.0258
HCNN: 41.032499999999999
HCNO: 43.025199999999998
HCO: 29.0185
HNCO: 43.025199999999998
HNO: 31.014099999999999
HO2: 33.006799999999998
HOCN: 43.025199999999998
N: 14.0067
N2: 28.013400000000001
N2O: 44.012799999999999
NCO: 42.017299999999999
NH: 15.014699999999999
NH2: 16.022600000000001
NH3: 17.0306
NNH: 29.0214
"NO": 30.0061
NO2: 46.005499999999998
O: 15.9994
O2: 31.998799999999999
OH: 17.007400000000001